<?xml version="1.0"?>
<opencv_storage>
<calibration_time>"Thu 01 Aug 2019 11:15:42 PM CST"</calibration_time>
<nframes>15</nframes>
<image_width>1280</image_width>
<image_height>1024</image_height>
<board_width>7</board_width>
<board_height>8</board_height>
<square_size>25.</square_size>
<flags>0</flags>
<camera_matrix type_id="opencv-matrix">
  <rows>3</rows>
  <cols>3</cols>
  <dt>d</dt>
  <data>
    1.6676328076470309e+03 0. 6.4846311188754180e+02 0.
    1.6677410533347856e+03 4.9642215973783550e+02 0. 0. 1.</data></camera_matrix>
<distortion_coefficients type_id="opencv-matrix">
  <rows>5</rows>
  <cols>1</cols>
  <dt>d</dt>
  <data>
    -4.7472195766111325e-01 1.6713239906148350e-01
    -3.4119052489656253e-04 -4.2267971791915714e-04
    2.2791101217416207e-01</data></distortion_coefficients>
<avg_reprojection_error>1.0183727275688949e-01</avg_reprojection_error>
<per_view_reprojection_errors type_id="opencv-matrix">
  <rows>15</rows>
  <cols>1</cols>
  <dt>f</dt>
  <data>
    9.84912068e-02 1.15232147e-01 1.08927265e-01 1.10832393e-01
    1.01877749e-01 9.67903361e-02 9.93517339e-02 1.03805535e-01
    8.76122713e-02 8.50833803e-02 1.22735903e-01 9.37561020e-02
    1.00946933e-01 1.03861541e-01 9.10703838e-02</data></per_view_reprojection_errors>
<extrinsic_parameters type_id="opencv-matrix">
  <rows>15</rows>
  <cols>6</cols>
  <dt>d</dt>
  <data>
    -4.1417192003972730e-01 2.7442121065365926e-01
    1.5193390551893624e+00 1.9929978500038476e+02 2.7048266950392172e+01
    9.9543959023659841e+02 6.6383185718996818e-02
    -1.2081830729193029e-01 1.5813181970999624e+00
    2.1603923152863243e+02 -1.2960819403359278e+02
    8.6772814274193559e+02 7.8807474768917724e-02
    -5.7702916260544732e-02 1.5627555407932698e+00
    1.3649558595312286e+02 -1.2788151426884737e+02
    8.6889669030380719e+02 5.5241165765124792e-02
    -1.5139871898536506e-01 1.5937876874598302e+00
    -3.0091642675029707e+01 -1.1322074499486283e+02
    8.7246535991635960e+02 -4.6147962565837092e-01
    2.5309815691319409e-01 1.5340426310708952e+00 5.8049134280345683e+01
    3.8567754749548975e+01 1.0051725416595830e+03
    -3.8839405643573099e-01 2.8166404625827934e-01
    1.5004216595658944e+00 2.4838860183133838e+02 1.5949582663054491e+01
    9.9807510611554881e+02 8.0685929932262049e-02
    -7.6129185109945985e-02 1.6289666423944995e+00
    5.3985632601421784e+01 -1.1659110814866499e+02
    8.7001389484724416e+02 9.9104042966247259e-03
    -1.5761082885643229e-01 1.5718086761470331e+00
    -6.4935285670693915e+01 -9.5565875262733371e+01
    8.8025127298259088e+02 -5.9142558981768301e-01
    2.4526177613338160e-01 1.6143162224008829e+00
    -1.1361351397347215e+02 7.9606752593674372e+01
    9.8352244544184714e+02 -3.6825695906417999e-01
    2.1939644219961976e-01 1.4934094568111491e+00
    -9.0929403217943502e+01 -2.6173913725180586e+02
    8.5918473957490323e+02 4.2454918308418146e-02
    -2.1365909360663454e-01 1.6072081584338300e+00
    -1.0761912653855750e+02 -9.9914715453079751e+01
    8.7325920855770084e+02 -4.3763570572540395e-01
    2.5849018970883125e-01 1.5267927852775054e+00 8.1535394554778037e+01
    3.3577252586887411e+01 1.0065370540036143e+03
    -4.2444065244976947e-01 2.7737409175637301e-01
    1.5081095278893737e+00 1.3600916014455811e+02 2.6388246107476704e+01
    9.9723519504623653e+02 -3.7858494328529058e-01
    2.2995304500221994e-01 1.4226395675355510e+00 1.4040334502311782e+02
    -2.7157392968912757e+02 8.7474400425854390e+02
    -5.1421378927925865e-01 2.4355069450198349e-01
    1.5731359746261613e+00 -2.6528391725709561e+01
    5.8448441713295423e+01 9.8943752883233549e+02</data></extrinsic_parameters>
<image_points type_id="opencv-matrix">
  <rows>15</rows>
  <cols>56</cols>
  <dt>"2f"</dt>
  <data>
    9.75724243e+02 5.40775940e+02 9.80670532e+02 5.78941040e+02
    9.85286255e+02 6.17114990e+02 9.89917114e+02 6.56573242e+02
    9.94248413e+02 6.96228333e+02 9.98625122e+02 7.36419739e+02
    1.00268085e+03 7.76873779e+02 9.37060120e+02 5.41276245e+02
    9.41418945e+02 5.79326050e+02 9.45673828e+02 6.18367432e+02
    9.50013916e+02 6.57616455e+02 9.54218018e+02 6.97663208e+02
    9.58148743e+02 7.38148193e+02 9.62169434e+02 7.79100586e+02
    8.97270630e+02 5.41549438e+02 9.01206726e+02 5.80134399e+02
    9.05422852e+02 6.19048340e+02 9.09316528e+02 6.58924866e+02
    9.13245789e+02 6.99015137e+02 9.17094299e+02 7.39956299e+02
    9.20621704e+02 7.81208130e+02 8.57064026e+02 5.42117371e+02
    8.60694153e+02 5.80617310e+02 8.64509277e+02 6.20001648e+02
    8.68061401e+02 6.59980591e+02 8.71700867e+02 7.00559204e+02
    8.75230286e+02 7.41553040e+02 8.78611450e+02 7.83151062e+02
    8.16075562e+02 5.42387512e+02 8.19462830e+02 5.81158752e+02
    8.22840149e+02 6.20675903e+02 8.26262695e+02 6.60896606e+02
    8.29428345e+02 7.01773254e+02 8.32819763e+02 7.43034912e+02
    8.35787292e+02 7.84722778e+02 7.74812500e+02 5.42660461e+02
    7.77805420e+02 5.81685303e+02 7.80907593e+02 6.21377808e+02
    7.83794250e+02 6.61798950e+02 7.86865540e+02 7.02808899e+02
    7.89699707e+02 7.44307678e+02 7.92493530e+02 7.86319397e+02
    7.33056213e+02 5.42838745e+02 7.35759705e+02 5.82220825e+02
    7.38277893e+02 6.22145691e+02 7.41077271e+02 6.62590637e+02
    7.43543823e+02 7.03755371e+02 7.46119751e+02 7.45586670e+02
    7.48618774e+02 7.87783447e+02 6.91142151e+02 5.43222961e+02
    6.93349609e+02 5.82537109e+02 6.95475769e+02 6.22526550e+02
    6.97667358e+02 6.63236877e+02 6.99929810e+02 7.04666565e+02
    7.02165039e+02 7.46553284e+02 7.04426514e+02 7.88992065e+02
    1.04752173e+03 2.56851868e+02 1.04703223e+03 3.02762360e+02
    1.04628027e+03 3.48462677e+02 1.04520215e+03 3.94668732e+02
    1.04365308e+03 4.40542908e+02 1.04205627e+03 4.86371124e+02
    1.04010168e+03 5.31815308e+02 1.00378503e+03 2.54753326e+02
    1.00344470e+03 3.00792999e+02 1.00246747e+03 3.47137329e+02
    1.00142908e+03 3.93441040e+02 1.00018341e+03 4.39588928e+02
    9.98453979e+02 4.85648346e+02 9.96682983e+02 5.31557251e+02
    9.59366699e+02 2.52650299e+02 9.58935547e+02 2.99017212e+02
    9.58099548e+02 3.45505585e+02 9.57069397e+02 3.92386322e+02
    9.55778198e+02 4.38714050e+02 9.54167236e+02 4.85214294e+02
    9.52447510e+02 5.31238220e+02 9.14092224e+02 2.50815201e+02
    9.13405029e+02 2.97519836e+02 9.12749451e+02 3.44262482e+02
    9.11846924e+02 3.91186432e+02 9.10605042e+02 4.38037994e+02
    9.09240967e+02 4.84469757e+02 9.07703369e+02 5.30902771e+02
    8.68014709e+02 2.49115784e+02 8.67575439e+02 2.95927094e+02
    8.66920959e+02 3.42903229e+02 8.65820618e+02 3.90126221e+02
    8.64806152e+02 4.37207520e+02 8.63425354e+02 4.84006012e+02
    8.61993774e+02 5.30722900e+02 8.21818298e+02 2.47580933e+02
    8.21178284e+02 2.94462280e+02 8.20307007e+02 3.41907349e+02
    8.19409180e+02 3.89072632e+02 8.18183228e+02 4.36526825e+02
    8.17304932e+02 4.83388458e+02 8.15893188e+02 5.30405396e+02
    7.74497620e+02 2.46159012e+02 7.73998230e+02 2.93523865e+02
    7.73220825e+02 3.40732483e+02 7.72255188e+02 3.88398193e+02
    7.71390625e+02 4.35658936e+02 7.70344360e+02 4.83038727e+02
    7.69265381e+02 5.30001404e+02 7.27244934e+02 2.45022064e+02
    7.26561584e+02 2.92382568e+02 7.25826843e+02 3.39987854e+02
    7.25021423e+02 3.87494232e+02 7.23869568e+02 4.35050262e+02
    7.23268250e+02 4.82500183e+02 7.22150879e+02 5.29456665e+02
    9.04651733e+02 2.56232147e+02 9.05522705e+02 3.02799530e+02
    9.05736694e+02 3.49478424e+02 9.05813965e+02 3.96570648e+02
    9.06030579e+02 4.43333954e+02 9.06005188e+02 4.90277374e+02
    9.05633728e+02 5.36615967e+02 8.58522644e+02 2.55696121e+02
    8.59188232e+02 3.02417450e+02 8.59538330e+02 3.49376251e+02
    8.59859802e+02 3.96429626e+02 8.59994202e+02 4.43535004e+02
    8.59753662e+02 4.90356995e+02 8.59654846e+02 5.37071716e+02
    8.11837036e+02 2.55471405e+02 8.12349426e+02 3.02230896e+02
    8.12867065e+02 3.49193756e+02 8.13269958e+02 3.96476959e+02
    8.13292236e+02 4.43575684e+02 8.13247498e+02 4.90785828e+02
