<?xml version="1.0"?>
<opencv_storage>
<calibration_time>"Sat Jul  6 17:01:45 2019"</calibration_time>
<nframes>16</nframes>
<image_width>1280</image_width>
<image_height>1024</image_height>
<board_width>7</board_width>
<board_height>8</board_height>
<square_size>25.</square_size>
<flags>0</flags>
<camera_matrix type_id="opencv-matrix">
  <rows>3</rows>
  <cols>3</cols>
  <dt>d</dt>
  <data>
    1.2900527699407119e+03 0. 6.2661737590028929e+02 0.
    1.2816825409088424e+03 4.6511898429770474e+02 0. 0. 1.</data></camera_matrix>
<distortion_coefficients type_id="opencv-matrix">
  <rows>5</rows>
  <cols>1</cols>
  <dt>d</dt>
  <data>
    -4.7791674303806742e-01 2.5612989818025284e-01
    5.7939196393392645e-03 -1.0616480786314296e-03
    -8.8215769133508565e-02</data></distortion_coefficients>
<avg_reprojection_error>1.4313244221889312e+00</avg_reprojection_error>
<per_view_reprojection_errors type_id="opencv-matrix">
  <rows>16</rows>
  <cols>1</cols>
  <dt>f</dt>
  <data>
    1.92282960e-01 1.85403123e-01 2.50964701e-01 1.38570920e-01
    1.53569922e-01 1.34566948e-01 1.98884770e-01 1.82294235e-01
    1.78915769e-01 1.83393717e-01 1.83254093e-01 1.21882379e-01
    1.75913796e-01 1.92675745e+00 5.34134388e+00 3.51635963e-01</data></per_view_reprojection_errors>
<extrinsic_parameters type_id="opencv-matrix">
  <rows>16</rows>
  <cols>6</cols>
  <dt>d</dt>
  <data>
    -3.0038109436542160e-01 4.1572015028654796e-01
    1.6502788559924801e+00 3.2469648957539903e+02 1.0766204230618754e+02
    6.2111774767680458e+02 -2.1463450981800353e-01
    9.0287239411826356e-02 1.5398992184313740e+00 3.0807372624393133e+02
    -2.2160670456206512e+02 7.6036005499897783e+02
    3.0934854420828034e-01 5.3754691011806888e-01 2.1832479138339513e+00
    1.7746187247293278e+02 5.6564724920101121e+01 6.4330870333715256e+02
    -3.5069665633655761e-01 2.3303444510994845e-01
    1.5152336958677413e+00 -2.7147221717950568e+01
    -2.3988030054507681e+02 7.8326788478140861e+02
    -3.0022738400360599e-01 3.7047422909798627e-01
    1.5532443431779583e+00 1.2795823593869197e+02 5.2897068696177314e+01
    7.6348846692716279e+02 -1.7276495460645330e-01
    4.9273136120702987e-01 1.5455031071628738e+00
    -1.5601984030526506e+02 4.8639359672551770e+01
    7.5113678996253532e+02 2.2421889025906136e-01 7.0418388034080093e-01
    1.3202722431738261e+00 1.5480592481931001e+02 5.7067164687113561e+01
    8.4153354017528443e+02 -2.6308182540679870e-01
    4.0652928087691304e-01 1.5740255629761601e+00 3.3113942800071200e+01
    9.6645114370082709e+01 6.7970405323814384e+02
    -1.8920774167795890e-01 1.0740136238579368e-01
    1.5204568296365277e+00 1.6885937369153385e+02
    -2.2779411389176576e+02 7.7690036621776301e+02
    -2.6300084063447882e-01 4.3568582606848283e-01
    1.5404300870038126e+00 -8.0844424970947088e+01
    1.2654472424285501e+02 6.9480639501414805e+02
    -2.6795418836874929e-01 3.6830704107863743e-01
    1.5901612151231084e+00 1.8241100542959430e+02 9.3844005241092773e+01
    6.5673148322148518e+02 -2.3975768360089345e-01
    4.4599934176113487e-01 1.5548627027845381e+00
    -5.4380875252461188e+01 4.6226785032919139e+01
    7.6491294276308395e+02 -2.2464303099434055e-01
    4.7317748395252568e-01 1.5477217090763591e+00 2.9930373443088081e+02
    5.9352541088611602e+01 7.3149709953816978e+02
    -7.5655163206305631e-01 -1.3695782672609891e-01
    2.2236357313937867e+00 -3.4037326037327411e+01
    5.0875018542560255e+01 6.6003716741281789e+02
    -7.2954337643945810e-01 -1.5614775462857672e-01
    2.2314043039813773e+00 -3.3474591011195258e+01
    5.1063168935272714e+01 6.5899749701430483e+02
    -5.2705686381842920e-01 -3.7376662590512227e-01
    1.5086961286610259e+00 2.9456837183992453e+00
    -1.2692873761219958e+02 6.4510964052737631e+02</data></extrinsic_parameters>
<image_points type_id="opencv-matrix">
  <rows>16</rows>
  <cols>56</cols>
  <dt>"2f"</dt>
  <data>
    1.21773767e+03 6.62042908e+02 1.21823071e+03 7.05533020e+02
    1.21786401e+03 7.48949646e+02 1.21680042e+03 7.93027039e+02
    1.21497729e+03 8.36967346e+02 1.21216650e+03 8.81757812e+02
    1.20849829e+03 9.25391907e+02 1.18005835e+03 6.60541260e+02
    1.18022351e+03 7.03963318e+02 1.17978821e+03 7.48519653e+02
    1.17837744e+03 7.93097412e+02 1.17627454e+03 8.38054749e+02
    1.17340430e+03 8.82901001e+02 1.16969983e+03 9.27939819e+02
    1.14076709e+03 6.58290161e+02 1.14063318e+03 7.02975159e+02
    1.13949902e+03 7.47279968e+02 1.13823279e+03 7.93158325e+02
    1.13574939e+03 8.38392822e+02 1.13265613e+03 8.84021912e+02
    1.12888464e+03 9.29437134e+02 1.09986267e+03 6.56308350e+02
    1.09913660e+03 7.00609192e+02 1.09798950e+03 7.46469177e+02
    1.09616919e+03 7.92121155e+02 1.09338855e+03 8.38429321e+02
    1.09034937e+03 8.84694092e+02 1.08636609e+03 9.31012634e+02
    1.05703137e+03 6.53339539e+02 1.05645984e+03 6.98833191e+02
    1.05480554e+03 7.44493225e+02 1.05258435e+03 7.91150940e+02
    1.04950830e+03 8.37853271e+02 1.04620007e+03 8.84756775e+02
    1.04192285e+03 9.31205750e+02 1.01335895e+03 6.50849670e+02
    1.01210107e+03 6.96282898e+02 1.00996539e+03 7.42802063e+02
    1.00741449e+03 7.89441162e+02 1.00431976e+03 8.37080505e+02
    1.00033441e+03 8.84117188e+02 9.96062622e+02 9.31340576e+02
    9.68195801e+02 6.47368164e+02 9.66336182e+02 6.93608826e+02
    9.63825439e+02 7.40163391e+02 9.61065674e+02 7.87485352e+02
    9.57236206e+02 8.35259583e+02 9.53291077e+02 8.83087463e+02
    9.48573425e+02 9.30460815e+02 9.21952942e+02 6.44042786e+02
    9.19480408e+02 6.90398499e+02 9.16640381e+02 7.37532532e+02
    9.13079956e+02 7.84860596e+02 9.09303711e+02 8.33091858e+02
    9.04736267e+02 8.80938110e+02 9.00153687e+02 9.29213379e+02
    1.09225574e+03 1.33749435e+02 1.09903662e+03 1.66915207e+02
    1.10613477e+03 2.00775497e+02 1.11282324e+03 2.36295105e+02
    1.11923169e+03 2.72595215e+02 1.12532544e+03 3.09527100e+02
    1.13105640e+03 3.47501648e+02 1.06026648e+03 1.30125900e+02
    1.06690759e+03 1.63474472e+02 1.07350977e+03 1.97857727e+02
    1.08023657e+03 2.33854935e+02 1.08610876e+03 2.70072632e+02
    1.09189307e+03 3.07490295e+02 1.09766003e+03 3.46116180e+02
    1.02667053e+03 1.26347359e+02 1.03343005e+03 1.60306015e+02
    1.03978125e+03 1.95143829e+02 1.04585571e+03 2.31049469e+02
    1.05206116e+03 2.67872986e+02 1.05739539e+03 3.05910675e+02
    1.06285657e+03 3.44920471e+02 9.92435608e+02 1.22982956e+02
    9.98608521e+02 1.56942368e+02 1.00459363e+03 1.92287857e+02
    1.01028247e+03 2.28527985e+02 1.01628351e+03 2.65924225e+02
    1.02155225e+03 3.04313629e+02 1.02664478e+03 3.43673828e+02
    9.56802002e+02 1.19637215e+02 9.62724609e+02 1.54120010e+02
    9.68396484e+02 1.89530884e+02 9.73998169e+02 2.26156082e+02
    9.79463318e+02 2.63944641e+02 9.84375854e+02 3.02852142e+02
    9.89342285e+02 3.42664276e+02 9.20466675e+02 1.16948265e+02
    9.25873779e+02 1.51458664e+02 9.31109314e+02 1.87269638e+02
    9.36123169e+02 2.23924057e+02 9.41068726e+02 2.62251923e+02
    9.46053223e+02 3.01457336e+02 9.50473328e+02 3.41732025e+02
    8.82818909e+02 1.14176743e+02 8.87908081e+02 1.48971771e+02
    8.92723633e+02 1.85020554e+02 8.97564148e+02 2.22355148e+02
    9.02217407e+02 2.60843475e+02 9.06513672e+02 3.00498383e+02
    9.10873596e+02 3.41174042e+02 8.44534485e+02 1.11668816e+02
    8.49036621e+02 1.46848984e+02 8.53257751e+02 1.83323608e+02
    8.57553589e+02 2.20786713e+02 8.62121033e+02 2.59698120e+02
    8.66017944e+02 2.99542084e+02 8.70076965e+02 3.40613739e+02
    9.68728394e+02 5.73725891e+02 9.39359253e+02 6.11945312e+02
    9.10375427e+02 6.50279236e+02 8.80415039e+02 6.87922852e+02
    8.50481750e+02 7.25236267e+02 8.20322754e+02 7.62198120e+02
    7.90239136e+02 7.98190796e+02 9.32741272e+02 5.47127563e+02
    9.04199402e+02 5.84644531e+02 8.74925598e+02 6.22161621e+02
    8.45654724e+02 6.59456604e+02 8.15758240e+02 6.96715454e+02
    7.86109131e+02 7.33097961e+02 7.56322632e+02 7.69067444e+02
